0----08,23,25,26,29,31,12
1----13,14,18,19,24,30,09
2----01,04,09,10,20,33,06
3----02,03,09,11,12,17,15
4----08,09,13,23,24,26,05
5----06,19,20,26,28,33,01
6----07,14,27,29,31,33,05
7----02,03,07,16,30,31,06
8----03,07,12,24,28,33,08
9----05,07,10,17,20,22,14
10----08,10,22,27,32,33,08
11----01,18,26,30,31,33,03
12----04,16,20,21,31,32,14
13----03,06,09,17,27,28,03
14----05,08,10,15,24,25,09
15----10,11,18,19,23,31,03
16----02,05,06,19,21,27,04
17----01,12,17,18,26,27,05
18----06,12,26,28,29,32,15
19----10,12,17,19,25,31,13
20----05,11,18,20,26,28,12
21----14,16,19,23,28,30,03
22----02,03,14,21,29,32,08
23----06,07,18,23,27,30,05
24----06,10,14,22,23,33,13
25----03,04,07,22,26,30,06
26----06,07,16,17,21,22,04
27----04,05,13,18,27,29,12
28----03,04,19,23,30,32,06
29----05,13,18,20,26,28,06
30----05,06,09,22,25,31,03
31----02,10,12,14,24,26,05
32----02,06,08,13,14,19,16
33----01,07,15,16,20,25,16
34----05,08,18,25,30,32,06
35----02,06,10,16,18,22,13
36----09,16,18,22,28,32,02
37----01,07,11,12,22,28,05
38----02,22,26,29,32,33,14
39----02,15,16,17,21,31,14
40----02,03,07,13,20,30,10
41----06,07,13,18,26,31,06
42----03,21,25,30,31,33,11
43----07,20,22,23,31,32,05
44----07,08,13,29,30,33,03
45----01,03,13,16,21,27,03
46----05,12,13,17,20,27,14
47----08,09,18,19,20,27,15
48----06,07,09,16,17,19,14
49----02,14,19,21,25,28,11
50----08,21,23,27,28,33,01
51----08,10,14,15,18,22,08
52----09,11,13,24,28,32,06
53----01,05,14,17,24,31,14
54----05,08,16,17,21,25,12
55----01,03,18,26,32,33,04
56----03,05,10,13,19,29,06
57----02,08,15,17,26,28,12
58----10,12,14,22,24,27,07
59----03,12,18,24,27,29,01
60----03,04,09,10,29,33,13
61----01,13,15,17,26,33,13
62----02,03,07,12,20,31,16
63----05,10,13,18,24,26,01
64----10,13,16,20,21,25,05
65----06,08,17,19,24,28,05
66----12,17,22,27,30,31,02
67----02,15,19,26,27,29,02
68----02,05,15,18,26,27,04
69----02,06,07,11,14,33,08
70----04,13,17,18,28,29,06
71----08,14,26,27,30,33,01
72----06,07,18,20,27,29,09
73----01,05,15,19,26,29,13
74----13,14,20,24,27,29,02
75----03,05,08,17,25,31,01
76----02,10,11,13,28,31,01
77----09,13,15,18,20,28,15
78----04,11,13,19,22,33,11
79----01,07,13,17,18,31,15
80----03,09,11,15,19,28,16
81----17,20,22,23,24,31,01
82----06,12,13,15,21,23,15
83----01,08,19,25,26,31,01
84----06,09,12,14,20,28,10
85----09,10,12,18,29,32,14
86----04,16,18,19,27,28,04
87----02,06,07,15,20,21,15
88----01,11,23,24,26,32,15
89----02,03,04,06,21,33,05
90----04,05,10,13,30,31,14
91----03,16,17,19,25,33,07
92----04,13,14,18,20,28,08
93----06,11,13,16,19,31,02
94----21,22,24,28,29,32,14
95----07,10,16,20,21,27,11
96----08,18,20,22,24,28,10
97----01,04,25,27,29,30,07
98----02,07,15,29,31,33,15
99----03,09,15,17,20,22,06
100----05,06,09,13,23,25,08
101----01,04,08,21,23,24,11
102----07,09,14,31,32,33,13
103----03,18,23,24,25,32,09
104----08,12,13,14,19,20,05
105----04,10,11,23,30,32,14
106----04,08,11,21,27,30,01
107----05,12,15,17,18,27,04
108----01,09,15,17,22,23,16
109----01,04,05,15,17,31,09
110----03,17,18,19,20,27,16
111----08,09,10,13,24,29,02
112----01,02,04,25,26,30,10
113----05,07,15,19,29,33,15
114----06,10,14,15,26,29,12
115----05,14,15,16,18,32,12
116----04,07,15,18,29,33,01
117----04,06,09,27,28,33,02
118----06,07,13,19,26,29,08
119----07,12,15,24,26,29,06
120----01,05,13,21,26,29,15
121----06,11,14,20,27,30,09
122----09,14,18,23,28,31,02
123----04,06,12,13,17,31,16
124----06,08,09,17,22,31,11
125----16,18,20,21,23,33,05
126----01,03,16,18,29,33,06
127----16,18,19,24,28,32,01
128----06,09,18,19,29,33,06
129----06,13,14,23,31,33,01
130----12,15,20,26,30,33,16
131----01,06,11,14,17,26,15
132----02,04,09,26,28,33,03
133----08,12,21,27,28,33,11
134----10,14,18,23,27,33,15
135----07,24,27,29,31,32,15
136----02,05,11,17,21,33,01
137----03,05,08,14,27,33,08
138----02,04,07,18,25,26,10
139----05,07,17,20,26,31,14
140----03,07,08,14,27,30,09
141----02,11,24,25,27,30,14
142----03,12,17,18,19,28,04
143----01,07,08,21,23,29,06
144----02,17,20,23,25,27,08
145----05,10,11,21,22,30,13
146----05,07,21,22,24,29,14
147----03,12,14,16,31,33,12
148----02,06,07,10,15,20,05
149----09,12,13,16,24,32,04
150----01,10,13,20,22,32,14
151----02,03,14,16,26,31,02
152----08,12,13,19,23,25,15
153----14,17,26,31,32,33,10
154----05,12,19,22,25,26,05
155----04,10,11,14,23,32,07
156----01,10,11,22,26,32,07
157----12,23,24,26,27,30,05
158----03,08,10,13,26,32,08
159----05,11,20,22,23,29,09
160----14,15,18,19,26,32,09
161----03,04,10,15,22,24,02
162----06,19,24,25,28,32,04
163----07,09,10,14,19,24,15
164----07,12,17,19,24,25,02
165----01,07,11,15,17,19,06
166----03,07,22,24,26,31,14
167----09,11,14,22,30,32,01
168----05,06,14,20,21,25,08
169----07,11,16,17,30,32,16
170----06,09,24,29,30,32,07
171----05,10,19,20,29,31,14
172----06,14,16,27,28,31,07
173----06,07,13,14,15,27,04
174----02,03,04,07,10,18,15
175----04,07,08,29,30,31,01
176----06,15,23,24,25,33,15
177----12,18,19,20,21,32,15
178----04,15,17,19,25,28,16
179----02,03,07,09,20,21,13
180----01,20,22,23,25,28,16
181----03,06,09,15,22,31,02
182----07,10,12,16,19,31,16
183----05,19,24,28,30,32,14
184----02,05,16,17,18,30,06
185----02,12,21,23,25,31,08
186----06,13,15,17,20,21,03
187----09,14,20,21,24,26,04
188----05,10,15,18,19,32,05
189----10,12,15,17,19,20,08
190----05,10,11,13,27,28,09
191----07,09,21,22,26,32,03
192----04,07,10,14,16,26,09
193----02,05,13,15,23,26,07
194----01,09,11,13,20,29,09
195----04,07,17,19,20,24,16
196----01,14,19,23,26,30,10
197----05,10,16,26,27,33,01
198----12,14,19,23,24,27,01
199----11,14,15,16,27,32,09
200----03,07,10,14,21,24,01
201----02,06,09,15,19,28,16
202----03,10,17,19,21,31,04
203----01,02,16,19,25,31,08
204----01,03,12,19,27,31,10
205----01,04,06,14,20,28,08
206----08,11,18,19,20,24,01
207----08,09,15,24,26,30,06
208----04,15,21,27,28,29,10
209----05,17,20,21,23,33,04
210----07,15,16,20,27,29,07
211----19,20,23,27,28,31,01
212----14,19,20,23,24,31,09
213----01,03,18,22,29,32,02
214----06,14,15,19,29,31,05
215----04,05,12,15,18,28,07
216----04,05,12,16,22,30,15
217----01,07,08,12,13,18,05
218----03,09,10,11,28,29,13
219----02,06,14,18,20,31,13
220----03,05,17,21,27,33,04
221----06,14,17,18,31,33,06
222----02,10,12,15,24,27,08
223----04,06,08,14,24,27,02
224----04,07,10,22,27,30,02
225----05,06,21,25,28,33,07
226----17,20,22,23,26,28,06
227----10,13,15,24,31,32,02
228----02,03,10,17,20,26,16
229----11,15,18,24,26,32,09
230----02,03,17,19,25,30,01
231----01,04,07,14,30,31,03
232----10,14,15,22,27,32,09
233----01,07,17,20,22,28,15
234----10,13,15,25,29,30,15
235----05,09,15,24,27,30,09
236----02,04,12,22,29,31,01
237----07,09,12,13,14,29,16
238----09,11,17,18,20,27,15
239----01,10,13,18,26,32,05
240----03,11,12,13,25,28,12
241----01,07,11,14,15,26,11
242----08,12,17,24,27,28,13
243----09,11,24,25,28,33,15
244----05,11,15,23,28,33,03
245----02,07,08,10,12,31,03
246----04,06,16,24,26,33,16
247----05,06,12,14,27,28,08
248----01,02,07,13,23,24,12
249----04,12,15,16,19,26,06
250----02,13,16,19,23,24,04
251----06,08,10,14,28,29,01
252----05,06,07,11,14,20,02
253----05,07,09,11,21,28,01
254----04,09,11,25,28,33,04
255----03,06,11,13,26,32,05
256----01,03,05,18,22,23,01
257----05,08,22,23,24,29,09
258----01,03,10,24,28,29,13
259----04,06,15,26,27,31,12
260----08,15,17,25,27,30,10
261----03,09,21,23,30,32,06
262----12,15,16,21,22,29,01
263----04,05,09,14,25,27,07
264----01,06,18,22,24,25,08
265----01,09,15,16,19,21,15
266----01,07,24,31,32,33,08
267----01,05,11,15,16,29,15
268----06,11,18,20,23,26,05
269----04,14,18,24,31,32,15
270----01,11,19,23,25,29,09
271----02,06,19,26,30,33,15
272----01,04,08,19,29,33,16
273----04,06,08,15,16,18,16
274----04,05,06,09,23,24,09
275----12,13,15,20,22,25,10
276----04,09,12,18,20,23,01
277----10,11,17,20,29,30,15
278----01,09,11,18,32,33,14
279----09,11,13,18,19,28,14
280----05,06,09,17,25,33,16
281----08,21,22,23,29,32,01
282----03,11,12,16,22,28,10
283----07,13,21,22,24,31,02
284----07,10,14,16,24,33,16
285----03,04,06,19,21,30,14
286----08,09,10,19,27,29,15
287----02,09,10,16,25,28,08
288----04,11,13,22,25,32,01
289----04,15,17,22,29,32,03
290----03,07,13,16,24,29,01
291----05,09,13,21,28,33,06
292----01,04,14,15,17,32,02
293----05,07,14,17,26,28,13
294----02,03,17,18,23,24,01
295----05,09,10,22,25,27,08
296----02,09,18,23,26,32,14
297----02,06,07,24,28,29,16
298----02,08,21,24,29,31,13
299----05,07,09,16,18,27,06
300----13,17,19,24,26,30,12
301----01,02,06,11,21,26,11
302----12,14,18,20,26,28,11
303----04,10,12,18,23,25,01
304----02,12,13,14,31,33,06
305----01,05,08,15,16,30,03
306----06,11,21,25,28,31,07
307----08,09,13,27,29,31,05
308----08,10,15,17,22,30,12
309----11,16,23,26,27,33,05
310----05,07,09,16,20,26,08
311----03,05,13,19,20,25,03
312----06,08,14,17,18,30,11
313----01,04,06,10,11,18,02
314----02,21,22,23,27,28,11
315----10,15,17,25,31,32,06
316----04,08,17,24,28,33,13
317----01,03,06,07,09,11,02
318----12,16,17,24,28,29,08
319----02,08,14,23,25,32,06
320----09,15,18,29,32,33,02
321----03,08,09,13,15,18,10
322----06,14,16,26,28,29,07
323----04,15,21,25,29,33,06
324----06,09,12,16,27,31,06
325----03,06,14,18,20,26,01
326----05,10,16,23,27,33,14
327----01,04,11,19,32,33,05
328----02,04,07,24,25,32,13
329----01,05,07,14,18,33,07
330----02,04,12,21,25,32,16
331----06,08,22,24,25,26,01
332----07,09,14,26,30,31,04
333----02,03,07,08,17,22,15
334----06,09,16,18,22,29,11
335----06,10,13,25,26,32,11
336----02,03,13,18,20,31,11
337----02,09,10,20,22,26,01
338----03,19,22,23,27,29,07
339----01,04,11,12,14,23,04
340----08,19,22,26,27,30,07
341----08,09,11,14,17,29,16
342----01,02,05,15,28,33,04
343----08,10,15,16,23,26,10
344----01,04,18,19,26,31,07
345----03,07,12,14,23,28,11
346----05,12,16,26,30,31,13
347----16,18,19,20,29,33,12
348----01,03,18,19,26,29,03
349----12,15,17,24,26,31,15
350----02,04,06,21,25,29,03
351----01,02,03,04,09,10,12
352----01,09,22,28,32,33,15
353----11,13,19,26,30,33,05
354----07,08,09,10,16,27,07
355----05,06,14,16,19,27,10
356----01,04,12,20,25,32,02
357----01,05,11,24,30,32,03
358----01,03,07,10,22,32,11
359----02,09,12,17,28,32,05
360----06,09,17,22,24,26,16
361----02,06,09,14,22,25,04
362----06,13,16,20,23,32,13
363----10,12,15,17,23,32,05
364----03,09,11,24,25,28,16
365----02,04,11,15,18,28,10
366----06,14,19,20,22,24,01
367----04,08,10,16,27,29,09
368----04,09,10,22,28,32,08
369----09,10,19,25,26,29,08
370----10,17,24,25,28,30,15
371----01,07,15,16,20,23,07
372----05,06,11,12,15,30,12
373----06,08,11,22,25,33,02
374----02,08,21,25,26,30,10
375----01,20,23,26,27,32,15
376----03,09,16,17,20,26,02
377----10,15,17,27,29,31,08
378----04,05,10,13,15,19,15
379----01,06,12,18,22,24,03
380----01,09,11,12,16,19,16
381----02,21,23,26,31,32,06
382----02,14,16,21,29,30,10
383----01,06,12,26,29,30,12
384----11,15,20,23,25,33,10
385----02,04,06,15,24,27,06
386----01,02,05,09,19,24,16
387----03,07,16,17,23,30,07
388----01,19,25,26,30,31,12
389----02,08,11,17,21,30,09
390----01,05,13,14,27,33,15
391----14,15,18,22,31,33,01
392----05,12,20,21,22,29,14
393----03,11,14,16,21,32,04
394----03,10,16,21,25,27,12
395----10,15,16,18,20,27,06
396----03,11,13,20,24,30,16
397----04,08,09,13,19,33,12
398----05,07,11,13,27,29,03
399----06,08,10,15,17,26,04
400----09,11,12,13,22,23,08
401----01,02,04,06,19,21,15
402----03,09,10,13,18,26,04
403----12,16,21,26,27,32,10
404----04,07,09,23,27,30,08
405----02,09,13,17,26,28,07
406----09,15,18,21,23,26,08
407----01,03,07,21,27,32,01
408----12,15,16,22,29,32,14
409----10,14,17,22,26,27,05
410----08,17,24,26,27,31,04
411----05,09,14,20,24,30,08
412----02,04,10,17,22,25,14
413----01,03,11,12,19,26,07
414----09,14,21,23,26,32,03
415----02,05,08,12,26,31,14
416----01,05,07,23,28,30,12
417----03,10,19,25,26,31,02
418----02,14,15,16,32,33,01
419----02,08,13,29,32,33,15
420----03,06,08,11,19,28,08
421----04,09,17,20,32,33,15
422----01,07,09,12,18,22,04
423----12,14,18,23,30,32,02
424----04,10,17,19,28,32,01
425----13,19,25,26,27,32,08
426----02,03,15,21,22,33,16
427----07,08,16,17,19,24,07
428----01,11,24,25,27,30,07
429----02,06,07,11,14,31,03
430----06,07,16,22,24,25,13
431----01,06,12,16,19,21,04
432----02,09,10,11,16,29,02
433----01,06,07,18,23,24,15
434----01,04,11,13,17,24,15
435----07,09,16,22,24,32,06
436----10,14,24,25,28,33,11
437----02,08,15,16,26,32,03
438----07,10,12,21,31,32,01
439----03,11,13,14,15,26,13
440----02,05,09,15,16,27,09
441----17,18,21,29,30,32,03
442----01,12,18,20,30,32,05
443----05,06,15,18,26,32,08
444----12,13,14,24,25,28,06
445----01,04,09,18,19,31,06
446----01,09,10,15,20,29,02
447----10,13,27,28,29,31,08
448----04,05,20,21,30,33,08
449----02,10,20,22,25,30,02
450----02,06,14,16,27,31,07
451----01,06,09,13,15,22,14
452----15,19,27,28,30,33,03
453----05,07,08,11,17,22,13
454----02,04,07,15,20,27,04
455----05,06,08,17,24,27,07
456----08,09,22,24,30,33,01
457----02,07,08,10,12,16,07
458----02,08,10,20,21,30,14
459----04,13,14,23,26,31,09
460----04,05,07,17,18,29,01
461----11,14,22,27,31,32,09
462----03,06,08,14,19,26,12
463----01,04,06,10,11,28,16
464----05,12,17,20,25,31,10
465----03,04,05,10,16,32,09
466----11,16,17,22,26,32,04
467----02,15,17,27,32,33,03
468----09,17,26,29,30,32,03
469----04,09,14,15,16,29,11
470----02,15,23,26,29,30,02
471----02,06,09,18,24,26,14
472----02,09,14,22,27,29,02
473----01,06,27,28,31,33,07
474----09,10,13,20,26,27,08
475----01,09,12,14,23,27,12
476----01,04,10,12,30,32,14
477----01,08,13,17,18,19,16
478----02,12,15,19,27,30,03
479----05,13,15,16,26,32,09
480----08,14,24,27,29,33,09
481----10,13,14,15,17,33,14
482----02,04,09,11,14,22,05
483----08,14,20,23,30,33,11
484----02,06,12,30,31,32,11
485----07,10,13,19,23,31,06
486----12,14,15,17,29,33,12
487----03,06,10,11,27,33,03
488----01,04,06,22,29,30,03
489----03,07,16,21,24,31,07
490----04,06,11,14,19,33,07
491----09,17,19,20,24,31,04
492----01,07,09,11,24,32,16
493----03,04,07,09,15,26,07
494----03,08,12,16,17,19,08
495----02,06,07,12,17,24,10
496----02,14,17,29,32,33,16
497----02,11,12,26,27,29,03
498----04,09,30,31,32,33,01
499----02,06,08,17,28,30,06
500----04,10,15,19,21,23,02
501----02,06,15,21,30,31,02
502----10,12,27,31,32,33,03
503----04,20,22,24,26,33,07
504----12,14,15,25,28,31,04
505----03,05,11,28,32,33,01
506----01,08,09,13,16,33,01
507----04,10,11,14,15,29,05
508----02,04,09,11,12,30,01
509----01,05,19,21,25,33,15
510----03,12,14,17,23,27,01
511----07,18,20,22,24,33,01
512----01,18,22,26,27,28,08
513----03,06,07,17,28,31,10
514----07,13,19,22,25,32,13
515----02,06,08,23,27,32,02
516----02,14,22,27,30,33,14
517----02,13,15,17,26,33,01
518----01,05,16,17,18,24,10
519----04,12,14,21,27,29,12
520----03,08,12,16,20,32,12
521----01,04,09,21,31,33,05
522----01,04,12,13,30,32,08
523----07,14,22,23,27,30,08
524----03,11,12,14,17,26,09
525----03,05,18,24,25,31,09
526----05,07,12,18,27,32,11
527----02,05,14,19,21,28,01
528----05,10,12,18,19,27,06
529----05,07,08,09,20,22,02
530----09,17,27,28,32,33,08
531----07,10,21,24,29,32,11
532----02,03,06,08,14,22,04
533----02,04,14,16,20,22,11
534----13,14,15,21,23,29,13
535----04,05,07,09,21,30,04
536----16,22,24,26,28,31,06
537----01,04,14,18,24,29,04
538----04,08,14,18,20,27,03
539----06,15,17,26,28,31,03
540----07,16,19,22,24,28,02
541----05,24,27,29,31,32,10
542----03,06,08,20,24,32,07
543----01,03,06,09,19,31,16
544----01,17,27,29,31,33,12
545----09,11,13,18,21,22,15
546----12,15,19,20,29,32,14
547----05,08,20,22,31,33,03
548----12,21,27,29,31,33,04
549----01,02,06,12,16,18,08
550----02,09,13,15,22,30,15
551----01,08,19,24,29,30,04
552----06,15,18,19,24,32,09
553----06,11,16,19,21,25,01
554----03,14,20,24,26,33,10
555----04,06,08,11,30,33,11
556----01,14,17,20,22,32,04
557----06,09,11,15,20,26,10
558----12,20,24,25,30,33,12
559----01,14,19,22,29,31,16
560----07,13,16,23,26,30,01
561----03,17,19,24,27,31,12
562----03,04,14,20,23,27,01
563----04,05,07,09,16,18,06
564----07,08,12,21,23,27,12
565----04,05,06,08,13,18,16
566----13,14,17,19,21,29,01
567----01,06,11,15,19,31,10
568----07,10,11,15,24,26,11
569----04,16,22,25,29,31,08
570----03,06,09,13,16,19,16
571----08,09,10,13,15,28,09
572----04,06,10,11,21,23,02
573----03,10,13,22,23,28,15
574----03,07,10,12,18,29,10
575----03,11,18,25,30,33,14
576----02,12,16,22,25,32,06
577----01,06,17,19,27,31,14
578----06,14,16,17,23,29,07
579----01,06,12,13,24,32,13
580----15,17,19,22,25,26,04
581----02,09,13,23,24,26,16
582----05,06,09,18,23,31,11
583----06,07,11,14,27,32,08
584----09,12,21,27,29,30,05
585----01,07,12,14,18,25,10
586----02,10,13,16,23,32,08
587----01,05,07,09,10,20,16
588----09,11,15,22,24,26,03
589----09,15,19,21,23,29,15
590----04,08,09,13,28,33,04
591----03,13,15,18,21,33,16
592----04,05,07,10,12,22,16
593----08,11,17,23,32,33,10
594----04,19,22,26,29,30,11
595----02,06,08,10,11,17,13
596----03,13,15,19,20,27,14
597----15,16,21,27,30,33,04
598----01,08,23,25,28,29,10
599----01,10,14,15,18,31,13
600----03,07,11,21,30,33,07
601----02,05,07,08,20,27,04
602----02,12,13,23,27,28,12
603----03,11,17,18,24,25,06
604----04,11,18,19,26,32,04
605----04,05,24,28,30,33,09
606----05,07,09,11,19,25,05
607----11,15,16,20,24,31,04
608----01,02,03,14,19,33,03
609----05,07,14,16,18,21,01
610----07,10,21,23,31,33,14
611----10,13,19,21,24,30,07
612----02,04,05,08,11,30,02
613----01,07,10,22,31,32,15
614----02,06,09,13,28,32,12
615----06,10,14,15,19,23,15
616----01,05,10,19,26,28,12
617----21,22,26,28,31,32,07
618----08,12,16,19,26,32,03
619----13,17,20,21,22,27,01
620----04,05,06,08,09,18,11
621----06,10,13,15,32,33,15
622----01,07,17,23,25,31,11
623----04,14,16,23,28,29,03
624----05,15,19,25,26,29,15
625----06,08,15,19,20,31,05
626----01,07,08,10,12,24,01
627----03,06,18,19,21,31,01
628----03,15,17,23,27,30,11
629----02,10,11,17,18,29,16
630----03,09,13,22,23,25,06
631----08,13,17,18,20,27,13
632----04,06,15,28,32,33,14
633----05,08,10,11,27,28,11
634----11,14,16,18,24,33,04
635----01,15,20,22,25,28,14
636----11,18,20,23,31,32,15
637----01,10,25,27,30,32,09
638----03,05,11,15,20,23,09
639----10,12,15,25,26,27,14
640----01,03,06,10,11,29,16
641----03,16,18,31,32,33,12
642----02,04,11,12,18,32,13
643----01,02,09,10,15,22,06
644----21,22,24,31,32,33,01
645----05,12,17,18,24,28,12
646----02,04,06,16,18,19,16
647----06,07,08,19,22,23,02
648----02,05,06,07,11,15,12
649----01,06,08,09,14,22,05
650----03,10,11,14,15,32,02
651----09,13,14,19,22,25,02
652----13,21,24,27,31,32,01
653----05,07,20,22,30,32,10
654----06,08,14,19,23,25,11
655----03,04,18,26,27,33,01
656----03,13,14,16,25,27,12
657----08,12,21,22,27,31,09
658----08,11,15,17,23,25,05
659----05,14,17,22,23,28,15
660----01,13,19,24,26,29,11
661----01,07,15,16,20,27,14
662----01,06,09,16,25,26,09
663----05,08,18,25,26,31,04
664----01,07,14,24,25,28,08
665----11,13,16,21,22,23,02
666----10,11,18,23,31,33,15
667----05,13,18,21,26,30,02
668----01,02,05,12,20,22,01
669----04,18,19,24,25,26,10
670----04,05,13,18,19,25,01
671----02,03,06,19,25,29,01
672----02,09,15,22,23,24,16
673----02,06,11,19,21,28,05
674----01,03,14,26,29,33,09
675----02,11,14,15,29,33,02
676----03,07,08,14,25,32,06
677----06,10,11,20,29,32,13
678----01,02,17,20,25,28,13
679----01,05,09,20,28,32,12
680----10,11,12,21,26,33,09
681----04,07,16,20,24,30,05
682----04,18,20,21,29,33,07
683----06,10,16,19,24,33,16
684----06,11,13,17,25,32,07
685----01,02,04,10,14,23,07
686----06,09,12,14,18,27,14
687----03,05,12,29,30,32,14
688----01,05,10,16,18,31,03
689----02,07,17,21,23,26,16
690----04,10,25,26,30,33,06
691----05,06,08,12,22,24,03
692----04,09,18,21,32,33,03
693----06,12,14,20,22,24,09
694----01,02,12,16,20,26,03
695----04,07,13,20,29,33,03
696----14,15,17,22,24,29,13
697----03,10,14,17,18,30,12
698----02,05,09,15,20,24,10
699----03,07,08,15,29,30,13
700----07,09,12,13,22,24,11
701----09,11,14,20,27,30,09
702----02,09,14,15,16,23,10
703----11,16,19,22,25,30,08
704----02,05,06,13,16,19,03
705----04,09,15,16,19,27,10
706----06,13,17,19,23,31,12
707----08,10,17,20,27,30,01
708----01,04,09,12,15,18,05
709----09,16,17,19,22,26,10
710----01,04,06,14,28,33,01
711----02,05,10,11,17,21,05
712----05,06,10,16,20,25,12
713----02,18,19,24,25,33,11
714----09,10,11,12,18,23,07
715----04,08,13,25,30,31,10
716----04,06,08,13,22,32,11
717----07,12,13,16,26,31,07
718----05,15,17,19,20,30,13
719----01,03,06,20,21,26,01
720----07,09,10,12,22,26,07
721----04,06,18,22,25,33,16
722----01,04,10,11,14,27,06
723----03,05,06,09,15,32,14
724----05,07,20,23,27,31,04
725----01,02,04,10,18,19,07
726----01,03,04,11,19,23,02
727----01,12,20,25,30,31,02
728----06,07,12,16,22,25,07
729----10,13,14,18,20,31,03
730----03,04,06,25,26,30,01
731----05,09,12,17,27,30,06
732----01,04,06,08,21,24,07
733----06,10,21,28,29,31,12
734----07,08,20,23,24,32,13
735----01,03,08,13,18,23,16
736----08,12,18,19,23,32,03
737----15,23,24,25,28,29,09
738----01,06,07,08,27,30,10
739----08,17,24,26,28,33,04
740----07,10,11,17,23,28,15
741----01,05,11,22,23,26,15
742----04,19,20,22,28,33,06
743----21,22,23,24,25,32,06
744----02,16,18,19,27,30,14
745----13,14,20,21,25,33,07
746----01,02,09,14,22,25,05
747----03,08,11,14,18,23,16
748----02,07,09,14,18,28,05
749----04,07,12,14,26,32,04
750----04,13,16,19,21,25,14
751----11,19,22,26,31,32,02
752----12,15,16,21,26,29,16
753----07,14,19,21,22,23,03
754----03,04,06,11,23,28,14
755----06,09,10,14,28,30,05
756----03,11,12,16,21,23,09
757----02,12,13,18,25,27,07
758----03,06,11,26,30,32,12
759----01,11,12,18,25,27,16
760----11,15,20,21,26,33,15
761----09,12,20,24,28,31,07
762----06,08,13,15,22,33,06
763----11,12,13,19,26,28,12
764----03,10,21,23,27,33,11
765----01,08,17,20,21,22,03
766----05,10,17,23,26,32,07
767----05,09,10,12,17,19,13
768----13,14,20,25,27,31,12
769----02,07,08,09,17,29,11
770----02,20,21,28,31,33,06
771----14,18,19,26,30,31,11
772----01,14,16,17,20,31,04
773----07,18,24,29,31,33,16
774----01,08,11,26,28,31,04
775----05,09,13,15,18,26,05
776----07,11,12,13,18,19,16
777----06,10,23,25,26,29,05
778----02,05,07,09,11,27,16
779----06,14,19,20,21,23,08
780----05,08,15,20,27,30,13
781----04,07,11,14,29,32,12
782----03,07,20,21,25,31,14
783----01,19,25,26,27,33,10
784----02,06,12,17,25,28,12
785----03,14,16,20,31,32,09
786----04,06,09,14,20,29,14
787----08,13,14,18,23,33,06
788----01,06,07,11,13,15,05
789----21,22,25,28,29,30,08
790----02,14,20,24,28,32,16
791----01,17,24,28,32,33,02
792----05,10,20,23,26,31,03
793----03,07,10,18,21,24,12
794----01,06,07,14,18,26,16
795----04,05,11,14,28,32,04
796----06,15,17,18,23,30,11
797----02,03,05,09,13,28,11
798----01,07,10,11,26,27,11
799----05,13,14,23,25,31,02
800----05,06,09,14,21,33,02
801----02,06,13,22,29,31,08
802----14,15,21,24,27,32,12
803----01,16,17,21,27,30,16
804----01,14,23,25,29,30,03
805----02,06,11,26,28,29,03
806----04,05,06,11,21,31,10
807----11,20,21,22,24,27,15
808----11,18,19,22,24,32,07
809----08,10,15,19,23,28,16
810----09,16,21,25,26,31,14
811----08,09,15,22,30,33,16
812----01,02,08,11,14,21,09
813----02,14,20,22,30,32,02
814----04,10,11,25,30,31,01
815----06,12,13,15,18,26,13
816----04,06,16,27,29,33,05
817----03,10,14,16,22,23,11
818----05,10,17,19,29,32,12
819----01,03,12,15,19,23,14
820----08,14,16,18,21,23,16
821----07,12,14,15,17,20,01
822----08,09,15,17,30,32,06
823----12,15,20,25,27,31,02
824----03,06,07,12,25,26,07
825----01,14,15,20,23,30,14
826----01,21,23,25,31,33,01
827----04,08,10,14,18,20,11
828----01,04,11,28,31,32,16
829----04,07,08,18,23,24,02
830----02,05,06,16,28,29,04
831----04,19,22,27,30,33,01
832----05,10,18,19,30,31,03
833----02,06,11,12,19,29,06
834----09,10,12,19,22,29,16
835----08,11,13,19,28,31,06
836----07,08,09,15,22,27,12
837----10,18,19,29,32,33,09
838----05,07,10,23,28,29,03
839----01,07,10,16,22,33,09
840----11,12,13,16,23,25,12
841----07,09,18,22,23,29,06
842----03,06,13,14,19,28,06
843----03,05,06,13,20,22,07
844----01,05,06,16,25,30,09
845----01,05,11,20,22,24,02
846----03,08,14,20,24,26,12
847----14,18,21,25,28,29,10
848----03,05,14,25,26,30,05
849----01,12,16,20,22,24,08
850----03,07,14,23,25,27,08
851----05,07,18,19,22,24,16
852----01,02,04,15,17,22,14
853----01,04,08,09,14,15,13
854----01,03,06,19,21,29,07
855----02,06,16,23,30,31,02
856----03,06,16,23,26,30,14
857----06,11,14,23,26,30,02
858----02,03,06,14,31,32,03
859----01,06,14,22,25,26,12
860----02,11,12,23,29,31,05
861----02,06,10,22,30,31,15
862----01,03,04,10,18,29,04
863----01,04,06,17,19,26,03
864----02,05,08,10,12,21,07
865----02,10,16,22,24,28,15
866----12,16,20,22,25,31,04
867----01,07,22,24,26,31,10
868----06,07,12,20,26,27,11
869----05,10,13,24,26,31,04
870----04,08,09,15,19,25,09
871----01,09,13,22,28,32,11
872----18,20,22,23,30,31,16
873----13,14,18,19,21,28,06
874----07,12,13,20,24,31,05
875----02,03,09,23,28,33,08
876----04,09,11,15,29,31,06
877----07,08,18,24,29,31,07
878----02,05,09,15,24,25,11
879----10,12,20,24,27,29,07
880----01,08,14,15,20,29,10
881----05,08,09,14,15,19,07
882----02,05,08,10,32,33,02
883----04,13,14,23,26,32,10
884----05,07,16,20,21,25,05
885----08,16,19,21,31,32,06
886----08,13,16,23,27,31,08
887----01,02,04,07,10,23,04
888----04,10,13,15,22,27,04
889----15,19,23,28,29,33,04
890----02,04,12,14,17,24,15
891----01,04,08,13,24,27,05
892----11,15,20,22,25,30,05
893----01,02,05,10,24,27,15
894----01,06,14,24,28,32,12
895----04,07,08,19,32,33,13
896----05,07,15,20,23,30,15
897----05,08,15,24,27,31,11
898----06,10,16,26,27,29,03
899----01,07,09,20,23,30,02
900----02,15,21,23,25,30,10
901----07,08,12,13,22,30,09
902----02,04,11,14,27,30,05
903----03,10,12,19,27,30,08
904----02,15,16,17,22,32,07
905----09,21,25,26,29,31,13
906----01,03,04,11,18,22,14
907----02,06,15,16,18,32,15
908----02,05,10,22,32,33,09
909----04,08,10,12,31,33,10
910----04,06,08,12,23,25,08
911----01,02,03,17,25,31,09
912----03,07,08,10,22,23,12
913----05,08,16,22,27,29,02
914----01,08,09,14,17,32,01
915----06,08,18,20,23,31,13
916----08,11,28,29,31,33,06
917----10,11,14,15,16,24,07
918----10,11,12,23,26,29,16
919----05,08,19,25,28,30,07
920----02,06,08,09,15,29,14
921----07,13,15,27,28,29,13
922----02,04,05,24,26,33,15
923----02,04,08,26,29,33,08
924----06,11,12,22,23,30,05
925----05,13,17,26,27,30,07
926----01,04,08,15,27,32,16
927----15,19,23,24,25,32,03
928----09,11,14,20,25,26,15
929----07,09,16,24,25,29,06
930----02,08,09,16,20,22,07
931----06,11,16,20,22,33,07
932----02,04,05,09,13,21,05
933----03,20,23,26,32,33,07
934----01,02,11,20,26,30,14
935----04,14,18,28,31,32,12
936----03,07,15,16,17,23,10
937----01,03,07,12,19,20,06
938----04,10,12,27,32,33,05
939----06,09,23,24,25,33,13
940----01,10,17,21,23,30,12
941----04,13,15,17,21,24,15
942----01,02,05,17,26,32,10
943----01,06,19,26,28,30,03
944----07,16,20,24,25,30,07
945----01,06,09,10,15,32,14
946----02,07,10,20,27,29,03
947----02,08,10,18,20,33,12
948----11,12,13,14,18,33,13
949----15,16,21,22,27,33,15
950----05,08,13,19,27,28,07
951----04,10,18,19,25,27,02
952----03,17,21,23,27,28,01
953----05,06,08,21,31,33,14
954----04,09,11,17,26,27,13
955----07,12,17,26,29,31,16
956----02,06,12,17,18,19,10
957----01,06,08,20,27,30,03
958----09,15,21,24,27,32,10
959----07,09,12,14,20,27,16
960----15,22,23,24,28,29,08
961----02,03,10,23,25,28,09
962----02,05,06,21,25,28,09
963----09,19,21,30,31,32,04
964----09,14,22,23,31,33,14
965----03,10,14,17,28,33,02
966----07,18,20,23,27,31,13
967----06,08,20,22,26,27,09
968----05,16,20,22,27,29,09
969----01,11,16,17,20,26,14
970----06,12,14,15,18,25,12
971----02,04,07,14,15,32,04
972----05,07,28,31,32,33,08
973----09,11,15,16,27,33,05
974----02,03,07,08,19,26,16
975----06,11,18,26,27,32,01
976----04,05,13,22,25,30,04
977----08,10,19,27,28,31,16
978----05,09,11,18,30,31,04
979----01,05,13,19,24,27,11
980----05,08,10,14,17,30,13
981----01,03,19,24,32,33,01
982----03,10,22,23,27,29,04
983----01,11,21,23,27,33,06
984----02,08,25,29,31,32,06
985----06,13,25,26,28,31,01
986----06,13,14,21,22,24,16
987----01,05,09,12,18,32,12
988----06,07,10,12,18,31,10
989----06,09,15,17,25,27,09
990----02,13,15,23,24,29,06
991----04,08,14,22,23,28,07
992----02,13,17,20,21,26,07
993----01,03,14,30,31,32,08
994----03,14,16,18,25,33,15
995----02,03,10,11,14,21,12
996----09,10,11,12,15,32,05
997----01,12,19,20,21,25,16
998----02,04,12,18,24,26,05
999----09,16,17,24,30,31,04
