1----09,16,17,24,30,31,04
2----02,04,12,18,24,26,05
3----01,12,19,20,21,25,16
4----09,10,11,12,15,32,05
5----02,03,10,11,14,21,12
6----03,14,16,18,25,33,15
7----01,03,14,30,31,32,08
8----02,13,17,20,21,26,07
9----04,08,14,22,23,28,07
10----02,13,15,23,24,29,06
11----06,09,15,17,25,27,09
12----06,07,10,12,18,31,10
13----01,05,09,12,18,32,12
14----06,13,14,21,22,24,16
15----06,13,25,26,28,31,01
16----02,08,25,29,31,32,06
17----01,11,21,23,27,33,06
18----03,10,22,23,27,29,04
19----01,03,19,24,32,33,01
20----05,08,10,14,17,30,13
21----01,05,13,19,24,27,11
22----05,09,11,18,30,31,04
23----08,10,19,27,28,31,16
24----04,05,13,22,25,30,04
25----06,11,18,26,27,32,01
26----02,03,07,08,19,26,16
27----09,11,15,16,27,33,05
28----05,07,28,31,32,33,08
29----02,04,07,14,15,32,04
30----06,12,14,15,18,25,12
31----01,11,16,17,20,26,14
32----05,16,20,22,27,29,09
33----06,08,20,22,26,27,09
34----07,18,20,23,27,31,13
35----03,10,14,17,28,33,02
36----09,14,22,23,31,33,14
37----09,19,21,30,31,32,04
38----02,05,06,21,25,28,09
39----02,03,10,23,25,28,09
40----15,22,23,24,28,29,08
41----07,09,12,14,20,27,16
42----09,15,21,24,27,32,10
43----01,06,08,20,27,30,03
44----02,06,12,17,18,19,10
45----07,12,17,26,29,31,16
46----04,09,11,17,26,27,13
47----05,06,08,21,31,33,14
48----03,17,21,23,27,28,01
49----04,10,18,19,25,27,02
50----05,08,13,19,27,28,07
51----15,16,21,22,27,33,15
52----11,12,13,14,18,33,13
53----02,08,10,18,20,33,12
54----02,07,10,20,27,29,03
55----01,06,09,10,15,32,14
56----07,16,20,24,25,30,07
57----01,06,19,26,28,30,03
58----01,02,05,17,26,32,10
59----04,13,15,17,21,24,15
60----01,10,17,21,23,30,12
61----06,09,23,24,25,33,13
62----04,10,12,27,32,33,05
63----01,03,07,12,19,20,06
64----03,07,15,16,17,23,10
65----04,14,18,28,31,32,12
66----01,02,11,20,26,30,14
67----03,20,23,26,32,33,07
68----02,04,05,09,13,21,05
69----06,11,16,20,22,33,07
70----02,08,09,16,20,22,07
71----07,09,16,24,25,29,06
72----09,11,14,20,25,26,15
73----15,19,23,24,25,32,03
74----01,04,08,15,27,32,16
75----05,13,17,26,27,30,07
76----06,11,12,22,23,30,05
77----02,04,08,26,29,33,08
78----02,04,05,24,26,33,15
79----07,13,15,27,28,29,13
80----02,06,08,09,15,29,14
81----05,08,19,25,28,30,07
82----10,11,12,23,26,29,16
83----10,11,14,15,16,24,07
84----08,11,28,29,31,33,06
85----06,08,18,20,23,31,13
86----01,08,09,14,17,32,01
87----05,08,16,22,27,29,02
88----03,07,08,10,22,23,12
89----01,02,03,17,25,31,09
90----04,06,08,12,23,25,08
91----04,08,10,12,31,33,10
92----02,05,10,22,32,33,09
93----02,06,15,16,18,32,15
94----01,03,04,11,18,22,14
95----09,21,25,26,29,31,13
96----02,15,16,17,22,32,07
97----03,10,12,19,27,30,08
98----02,04,11,14,27,30,05
99----07,08,12,13,22,30,09
100----02,15,21,23,25,30,10
101----01,07,09,20,23,30,02
102----06,10,16,26,27,29,03
103----05,08,15,24,27,31,11
104----05,07,15,20,23,30,15
105----04,07,08,19,32,33,13
106----01,06,14,24,28,32,12
107----01,02,05,10,24,27,15
108----11,15,20,22,25,30,05
109----01,04,08,13,24,27,05
110----02,04,12,14,17,24,15
111----15,19,23,28,29,33,04
112----04,10,13,15,22,27,04
113----01,02,04,07,10,23,04
114----08,13,16,23,27,31,08
115----08,16,19,21,31,32,06
116----05,07,16,20,21,25,05
117----04,13,14,23,26,32,10
118----02,05,08,10,32,33,02
119----05,08,09,14,15,19,07
120----01,08,14,15,20,29,10
121----10,12,20,24,27,29,07
122----02,05,09,15,24,25,11
123----07,08,18,24,29,31,07
124----04,09,11,15,29,31,06
125----02,03,09,23,28,33,08
126----07,12,13,20,24,31,05
127----13,14,18,19,21,28,06
128----18,20,22,23,30,31,16
129----01,09,13,22,28,32,11
130----04,08,09,15,19,25,09
131----05,10,13,24,26,31,04
132----06,07,12,20,26,27,11
133----01,07,22,24,26,31,10
134----12,16,20,22,25,31,04
135----02,10,16,22,24,28,15
136----02,05,08,10,12,21,07
137----01,04,06,17,19,26,03
138----01,03,04,10,18,29,04
139----02,06,10,22,30,31,15
140----02,11,12,23,29,31,05
141----01,06,14,22,25,26,12
142----02,03,06,14,31,32,03
143----06,11,14,23,26,30,02
144----03,06,16,23,26,30,14
145----02,06,16,23,30,31,02
146----01,03,06,19,21,29,07
147----01,04,08,09,14,15,13
148----01,02,04,15,17,22,14
149----05,07,18,19,22,24,16
150----03,07,14,23,25,27,08
151----01,12,16,20,22,24,08
152----03,05,14,25,26,30,05
153----14,18,21,25,28,29,10
154----03,08,14,20,24,26,12
155----01,05,11,20,22,24,02
156----01,05,06,16,25,30,09
157----03,05,06,13,20,22,07
158----03,06,13,14,19,28,06
159----07,09,18,22,23,29,06
160----11,12,13,16,23,25,12
161----01,07,10,16,22,33,09
162----05,07,10,23,28,29,03
163----10,18,19,29,32,33,09
164----07,08,09,15,22,27,12
165----08,11,13,19,28,31,06
166----09,10,12,19,22,29,16
167----02,06,11,12,19,29,06
168----05,10,18,19,30,31,03
169----04,19,22,27,30,33,01
170----02,05,06,16,28,29,04
171----04,07,08,18,23,24,02
172----01,04,11,28,31,32,16
173----04,08,10,14,18,20,11
174----01,21,23,25,31,33,01
175----01,14,15,20,23,30,14
176----03,06,07,12,25,26,07
177----12,15,20,25,27,31,02
178----08,09,15,17,30,32,06
179----07,12,14,15,17,20,01
180----08,14,16,18,21,23,16
181----01,03,12,15,19,23,14
182----05,10,17,19,29,32,12
183----03,10,14,16,22,23,11
184----04,06,16,27,29,33,05
185----06,12,13,15,18,26,13
186----04,10,11,25,30,31,01
187----02,14,20,22,30,32,02
188----01,02,08,11,14,21,09
189----08,09,15,22,30,33,16
190----09,16,21,25,26,31,14
191----08,10,15,19,23,28,16
192----11,18,19,22,24,32,07
193----11,20,21,22,24,27,15
194----04,05,06,11,21,31,10
195----02,06,11,26,28,29,03
196----01,14,23,25,29,30,03
197----01,16,17,21,27,30,16
198----14,15,21,24,27,32,12
199----02,06,13,22,29,31,08
200----05,06,09,14,21,33,02
201----05,13,14,23,25,31,02
202----01,07,10,11,26,27,11
203----02,03,05,09,13,28,11
204----06,15,17,18,23,30,11
205----04,05,11,14,28,32,04
206----01,06,07,14,18,26,16
207----03,07,10,18,21,24,12
208----05,10,20,23,26,31,03
209----01,17,24,28,32,33,02
210----02,14,20,24,28,32,16
211----21,22,25,28,29,30,08
212----01,06,07,11,13,15,05
213----08,13,14,18,23,33,06
214----04,06,09,14,20,29,14
215----03,14,16,20,31,32,09
216----02,06,12,17,25,28,12
217----01,19,25,26,27,33,10
218----03,07,20,21,25,31,14
219----04,07,11,14,29,32,12
220----05,08,15,20,27,30,13
221----06,14,19,20,21,23,08
222----02,05,07,09,11,27,16
223----06,10,23,25,26,29,05
224----07,11,12,13,18,19,16
225----05,09,13,15,18,26,05
226----01,08,11,26,28,31,04
227----07,18,24,29,31,33,16
228----01,14,16,17,20,31,04
229----14,18,19,26,30,31,11
230----02,20,21,28,31,33,06
231----02,07,08,09,17,29,11
232----13,14,20,25,27,31,12
233----05,09,10,12,17,19,13
234----05,10,17,23,26,32,07
235----01,08,17,20,21,22,03
236----03,10,21,23,27,33,11
237----11,12,13,19,26,28,12
238----06,08,13,15,22,33,06
239----09,12,20,24,28,31,07
240----11,15,20,21,26,33,15
241----01,11,12,18,25,27,16
242----03,06,11,26,30,32,12
243----02,12,13,18,25,27,07
244----03,11,12,16,21,23,09
245----06,09,10,14,28,30,05
246----03,04,06,11,23,28,14
247----07,14,19,21,22,23,03
248----12,15,16,21,26,29,16
249----11,19,22,26,31,32,02
250----04,13,16,19,21,25,14
251----04,07,12,14,26,32,04
252----02,07,09,14,18,28,05
253----03,08,11,14,18,23,16
254----01,02,09,14,22,25,05
255----13,14,20,21,25,33,07
256----02,16,18,19,27,30,14
257----21,22,23,24,25,32,06
258----04,19,20,22,28,33,06
259----01,05,11,22,23,26,15
260----07,10,11,17,23,28,15
261----08,17,24,26,28,33,04
262----01,06,07,08,27,30,10
263----15,23,24,25,28,29,09
264----08,12,18,19,23,32,03
265----01,03,08,13,18,23,16
266----07,08,20,23,24,32,13
267----06,10,21,28,29,31,12
268----01,04,06,08,21,24,07
269----05,09,12,17,27,30,06
270----03,04,06,25,26,30,01
271----10,13,14,18,20,31,03
272----06,07,12,16,22,25,07
273----01,12,20,25,30,31,02
274----01,03,04,11,19,23,02
275----01,02,04,10,18,19,07
276----05,07,20,23,27,31,04
277----03,05,06,09,15,32,14
278----01,04,10,11,14,27,06
279----04,06,18,22,25,33,16
280----07,09,10,12,22,26,07
281----01,03,06,20,21,26,01
282----05,15,17,19,20,30,13
283----07,12,13,16,26,31,07
284----04,06,08,13,22,32,11
285----04,08,13,25,30,31,10
286----09,10,11,12,18,23,07
287----02,18,19,24,25,33,11
288----05,06,10,16,20,25,12
289----02,05,10,11,17,21,05
290----01,04,06,14,28,33,01
291----09,16,17,19,22,26,10
292----01,04,09,12,15,18,05
293----08,10,17,20,27,30,01
294----06,13,17,19,23,31,12
295----04,09,15,16,19,27,10
296----02,05,06,13,16,19,03
297----11,16,19,22,25,30,08
298----02,09,14,15,16,23,10
299----09,11,14,20,27,30,09
300----07,09,12,13,22,24,11
301----03,07,08,15,29,30,13
302----02,05,09,15,20,24,10
303----03,10,14,17,18,30,12
304----14,15,17,22,24,29,13
305----04,07,13,20,29,33,03
306----01,02,12,16,20,26,03
307----06,12,14,20,22,24,09
308----04,09,18,21,32,33,03
309----05,06,08,12,22,24,03
310----04,10,25,26,30,33,06
311----02,07,17,21,23,26,16
312----01,05,10,16,18,31,03
313----03,05,12,29,30,32,14
314----06,09,12,14,18,27,14
315----01,02,04,10,14,23,07
316----06,11,13,17,25,32,07
317----06,10,16,19,24,33,16
318----04,18,20,21,29,33,07
319----04,07,16,20,24,30,05
320----10,11,12,21,26,33,09
321----01,05,09,20,28,32,12
322----01,02,17,20,25,28,13
323----06,10,11,20,29,32,13
324----03,07,08,14,25,32,06
325----02,11,14,15,29,33,02
326----01,03,14,26,29,33,09
327----02,06,11,19,21,28,05
328----02,09,15,22,23,24,16
329----02,03,06,19,25,29,01
330----04,05,13,18,19,25,01
331----04,18,19,24,25,26,10
332----01,02,05,12,20,22,01
333----05,13,18,21,26,30,02
334----10,11,18,23,31,33,15
335----11,13,16,21,22,23,02
336----01,07,14,24,25,28,08
337----05,08,18,25,26,31,04
338----01,06,09,16,25,26,09
339----01,07,15,16,20,27,14
340----01,13,19,24,26,29,11
341----05,14,17,22,23,28,15
342----08,11,15,17,23,25,05
343----08,12,21,22,27,31,09
344----03,13,14,16,25,27,12
345----03,04,18,26,27,33,01
346----06,08,14,19,23,25,11
347----05,07,20,22,30,32,10
348----13,21,24,27,31,32,01
349----09,13,14,19,22,25,02
350----03,10,11,14,15,32,02
351----01,06,08,09,14,22,05
352----02,05,06,07,11,15,12
353----06,07,08,19,22,23,02
354----02,04,06,16,18,19,16
355----05,12,17,18,24,28,12
356----21,22,24,31,32,33,01
357----01,02,09,10,15,22,06
358----02,04,11,12,18,32,13
359----03,16,18,31,32,33,12
360----01,03,06,10,11,29,16
361----10,12,15,25,26,27,14
362----03,05,11,15,20,23,09
363----01,10,25,27,30,32,09
364----11,18,20,23,31,32,15
365----01,15,20,22,25,28,14
366----11,14,16,18,24,33,04
367----05,08,10,11,27,28,11
368----04,06,15,28,32,33,14
369----08,13,17,18,20,27,13
370----03,09,13,22,23,25,06
371----02,10,11,17,18,29,16
372----03,15,17,23,27,30,11
373----03,06,18,19,21,31,01
374----01,07,08,10,12,24,01
375----06,08,15,19,20,31,05
376----05,15,19,25,26,29,15
377----04,14,16,23,28,29,03
378----01,07,17,23,25,31,11
379----06,10,13,15,32,33,15
380----04,05,06,08,09,18,11
381----13,17,20,21,22,27,01
382----08,12,16,19,26,32,03
383----21,22,26,28,31,32,07
384----01,05,10,19,26,28,12
385----06,10,14,15,19,23,15
386----02,06,09,13,28,32,12
387----01,07,10,22,31,32,15
388----02,04,05,08,11,30,02
389----10,13,19,21,24,30,07
390----07,10,21,23,31,33,14
391----05,07,14,16,18,21,01
392----01,02,03,14,19,33,03
393----11,15,16,20,24,31,04
394----05,07,09,11,19,25,05
395----04,05,24,28,30,33,09
396----04,11,18,19,26,32,04
397----03,11,17,18,24,25,06
398----02,12,13,23,27,28,12
399----02,05,07,08,20,27,04
400----03,07,11,21,30,33,07
401----01,10,14,15,18,31,13
402----01,08,23,25,28,29,10
403----15,16,21,27,30,33,04
404----03,13,15,19,20,27,14
405----02,06,08,10,11,17,13
406----04,19,22,26,29,30,11
407----08,11,17,23,32,33,10
408----04,05,07,10,12,22,16
409----03,13,15,18,21,33,16
410----04,08,09,13,28,33,04
411----09,15,19,21,23,29,15
412----09,11,15,22,24,26,03
413----01,05,07,09,10,20,16
414----02,10,13,16,23,32,08
415----01,07,12,14,18,25,10
416----09,12,21,27,29,30,05
417----06,07,11,14,27,32,08
418----05,06,09,18,23,31,11
419----02,09,13,23,24,26,16
420----15,17,19,22,25,26,04
421----01,06,12,13,24,32,13
422----06,14,16,17,23,29,07
423----01,06,17,19,27,31,14
424----02,12,16,22,25,32,06
425----03,11,18,25,30,33,14
426----03,07,10,12,18,29,10
427----03,10,13,22,23,28,15
428----04,06,10,11,21,23,02
429----08,09,10,13,15,28,09
430----03,06,09,13,16,19,16
431----04,16,22,25,29,31,08
432----07,10,11,15,24,26,11
433----01,06,11,15,19,31,10
434----13,14,17,19,21,29,01
435----04,05,06,08,13,18,16
436----07,08,12,21,23,27,12
437----04,05,07,09,16,18,06
438----03,04,14,20,23,27,01
439----03,17,19,24,27,31,12
440----07,13,16,23,26,30,01
441----01,14,19,22,29,31,16
442----12,20,24,25,30,33,12
443----06,09,11,15,20,26,10
444----01,14,17,20,22,32,04
445----04,06,08,11,30,33,11
446----03,14,20,24,26,33,10
447----06,11,16,19,21,25,01
448----06,15,18,19,24,32,09
449----01,08,19,24,29,30,04
450----02,09,13,15,22,30,15
451----01,02,06,12,16,18,08
452----12,21,27,29,31,33,04
453----05,08,20,22,31,33,03
454----12,15,19,20,29,32,14
455----09,11,13,18,21,22,15
456----01,17,27,29,31,33,12
457----01,03,06,09,19,31,16
458----03,06,08,20,24,32,07
459----05,24,27,29,31,32,10
460----07,16,19,22,24,28,02
461----06,15,17,26,28,31,03
462----04,08,14,18,20,27,03
463----01,04,14,18,24,29,04
464----16,22,24,26,28,31,06
465----04,05,07,09,21,30,04
466----13,14,15,21,23,29,13
467----02,04,14,16,20,22,11
468----02,03,06,08,14,22,04
469----07,10,21,24,29,32,11
470----09,17,27,28,32,33,08
471----05,07,08,09,20,22,02
472----05,10,12,18,19,27,06
473----02,05,14,19,21,28,01
474----05,07,12,18,27,32,11
475----03,05,18,24,25,31,09
476----03,11,12,14,17,26,09
477----07,14,22,23,27,30,08
478----01,04,12,13,30,32,08
479----01,04,09,21,31,33,05
480----03,08,12,16,20,32,12
481----04,12,14,21,27,29,12
482----01,05,16,17,18,24,10
483----02,13,15,17,26,33,01
484----02,14,22,27,30,33,14
485----02,06,08,23,27,32,02
486----07,13,19,22,25,32,13
487----03,06,07,17,28,31,10
488----01,18,22,26,27,28,08
489----07,18,20,22,24,33,01
490----03,12,14,17,23,27,01
491----01,05,19,21,25,33,15
492----02,04,09,11,12,30,01
493----04,10,11,14,15,29,05
494----01,08,09,13,16,33,01
495----03,05,11,28,32,33,01
496----12,14,15,25,28,31,04
497----04,20,22,24,26,33,07
498----10,12,27,31,32,33,03
499----02,06,15,21,30,31,02
500----04,10,15,19,21,23,02
501----02,06,08,17,28,30,06
502----04,09,30,31,32,33,01
503----02,11,12,26,27,29,03
504----02,14,17,29,32,33,16
505----02,06,07,12,17,24,10
506----03,08,12,16,17,19,08
507----03,04,07,09,15,26,07
508----01,07,09,11,24,32,16
509----09,17,19,20,24,31,04
510----04,06,11,14,19,33,07
511----03,07,16,21,24,31,07
512----01,04,06,22,29,30,03
513----03,06,10,11,27,33,03
514----12,14,15,17,29,33,12
515----07,10,13,19,23,31,06
516----02,06,12,30,31,32,11
517----08,14,20,23,30,33,11
518----02,04,09,11,14,22,05
519----10,13,14,15,17,33,14
520----08,14,24,27,29,33,09
521----05,13,15,16,26,32,09
522----02,12,15,19,27,30,03
523----01,08,13,17,18,19,16
524----01,04,10,12,30,32,14
525----01,09,12,14,23,27,12
526----09,10,13,20,26,27,08
527----01,06,27,28,31,33,07
528----02,09,14,22,27,29,02
529----02,06,09,18,24,26,14
530----02,15,23,26,29,30,02
531----04,09,14,15,16,29,11
532----09,17,26,29,30,32,03
533----02,15,17,27,32,33,03
534----11,16,17,22,26,32,04
535----03,04,05,10,16,32,09
536----05,12,17,20,25,31,10
537----01,04,06,10,11,28,16
538----03,06,08,14,19,26,12
539----11,14,22,27,31,32,09
540----04,05,07,17,18,29,01
541----04,13,14,23,26,31,09
542----02,08,10,20,21,30,14
543----02,07,08,10,12,16,07
544----08,09,22,24,30,33,01
545----05,06,08,17,24,27,07
546----02,04,07,15,20,27,04
547----05,07,08,11,17,22,13
548----15,19,27,28,30,33,03
549----01,06,09,13,15,22,14
550----02,06,14,16,27,31,07
551----02,10,20,22,25,30,02
552----04,05,20,21,30,33,08
553----10,13,27,28,29,31,08
554----01,09,10,15,20,29,02
555----01,04,09,18,19,31,06
556----12,13,14,24,25,28,06
557----05,06,15,18,26,32,08
558----01,12,18,20,30,32,05
559----17,18,21,29,30,32,03
560----02,05,09,15,16,27,09
561----03,11,13,14,15,26,13
562----07,10,12,21,31,32,01
563----02,08,15,16,26,32,03
564----10,14,24,25,28,33,11
565----07,09,16,22,24,32,06
566----01,04,11,13,17,24,15
567----01,06,07,18,23,24,15
568----02,09,10,11,16,29,02
569----01,06,12,16,19,21,04
570----06,07,16,22,24,25,13
571----02,06,07,11,14,31,03
572----01,11,24,25,27,30,07
573----07,08,16,17,19,24,07
574----02,03,15,21,22,33,16
575----13,19,25,26,27,32,08
576----04,10,17,19,28,32,01
577----12,14,18,23,30,32,02
578----01,07,09,12,18,22,04
579----04,09,17,20,32,33,15
580----03,06,08,11,19,28,08
581----02,08,13,29,32,33,15
582----02,14,15,16,32,33,01
583----03,10,19,25,26,31,02
584----01,05,07,23,28,30,12
585----02,05,08,12,26,31,14
586----09,14,21,23,26,32,03
587----01,03,11,12,19,26,07
588----02,04,10,17,22,25,14
589----05,09,14,20,24,30,08
590----08,17,24,26,27,31,04
591----10,14,17,22,26,27,05
592----12,15,16,22,29,32,14
593----01,03,07,21,27,32,01
594----09,15,18,21,23,26,08
595----02,09,13,17,26,28,07
596----04,07,09,23,27,30,08
597----12,16,21,26,27,32,10
598----03,09,10,13,18,26,04
599----01,02,04,06,19,21,15
600----09,11,12,13,22,23,08
601----06,08,10,15,17,26,04
602----05,07,11,13,27,29,03
603----04,08,09,13,19,33,12
604----03,11,13,20,24,30,16
605----10,15,16,18,20,27,06
606----03,10,16,21,25,27,12
607----03,11,14,16,21,32,04
608----05,12,20,21,22,29,14
609----14,15,18,22,31,33,01
610----01,05,13,14,27,33,15
611----02,08,11,17,21,30,09
612----01,19,25,26,30,31,12
613----03,07,16,17,23,30,07
614----01,02,05,09,19,24,16
615----02,04,06,15,24,27,06
616----11,15,20,23,25,33,10
617----01,06,12,26,29,30,12
618----02,14,16,21,29,30,10
619----02,21,23,26,31,32,06
620----01,09,11,12,16,19,16
621----01,06,12,18,22,24,03
622----04,05,10,13,15,19,15
623----10,15,17,27,29,31,08
624----03,09,16,17,20,26,02
625----01,20,23,26,27,32,15
626----02,08,21,25,26,30,10
627----06,08,11,22,25,33,02
628----05,06,11,12,15,30,12
629----01,07,15,16,20,23,07
630----10,17,24,25,28,30,15
631----09,10,19,25,26,29,08
632----04,09,10,22,28,32,08
633----04,08,10,16,27,29,09
634----06,14,19,20,22,24,01
635----02,04,11,15,18,28,10
636----03,09,11,24,25,28,16
637----10,12,15,17,23,32,05
638----06,13,16,20,23,32,13
639----02,06,09,14,22,25,04
640----06,09,17,22,24,26,16
641----02,09,12,17,28,32,05
642----01,03,07,10,22,32,11
643----01,05,11,24,30,32,03
644----01,04,12,20,25,32,02
645----05,06,14,16,19,27,10
646----07,08,09,10,16,27,07
647----11,13,19,26,30,33,05
648----01,09,22,28,32,33,15
649----01,02,03,04,09,10,12
650----02,04,06,21,25,29,03
651----12,15,17,24,26,31,15
652----01,03,18,19,26,29,03
653----16,18,19,20,29,33,12
654----05,12,16,26,30,31,13
655----03,07,12,14,23,28,11
656----01,04,18,19,26,31,07
657----08,10,15,16,23,26,10
658----01,02,05,15,28,33,04
659----08,09,11,14,17,29,16
660----08,19,22,26,27,30,07
661----01,04,11,12,14,23,04
662----03,19,22,23,27,29,07
663----02,09,10,20,22,26,01
664----02,03,13,18,20,31,11
665----06,10,13,25,26,32,11
666----06,09,16,18,22,29,11
667----02,03,07,08,17,22,15
668----07,09,14,26,30,31,04
669----06,08,22,24,25,26,01
670----02,04,12,21,25,32,16
671----01,05,07,14,18,33,07
672----02,04,07,24,25,32,13
673----01,04,11,19,32,33,05
674----05,10,16,23,27,33,14
675----03,06,14,18,20,26,01
676----06,09,12,16,27,31,06
677----04,15,21,25,29,33,06
678----06,14,16,26,28,29,07
679----03,08,09,13,15,18,10
680----09,15,18,29,32,33,02
681----02,08,14,23,25,32,06
682----12,16,17,24,28,29,08
683----01,03,06,07,09,11,02
684----04,08,17,24,28,33,13
685----10,15,17,25,31,32,06
686----02,21,22,23,27,28,11
687----01,04,06,10,11,18,02
688----06,08,14,17,18,30,11
689----03,05,13,19,20,25,03
690----05,07,09,16,20,26,08
691----11,16,23,26,27,33,05
692----08,10,15,17,22,30,12
693----08,09,13,27,29,31,05
694----06,11,21,25,28,31,07
695----01,05,08,15,16,30,03
696----02,12,13,14,31,33,06
697----04,10,12,18,23,25,01
698----12,14,18,20,26,28,11
699----01,02,06,11,21,26,11
700----13,17,19,24,26,30,12
701----05,07,09,16,18,27,06
702----02,08,21,24,29,31,13
703----02,06,07,24,28,29,16
704----02,09,18,23,26,32,14
705----05,09,10,22,25,27,08
706----02,03,17,18,23,24,01
707----05,07,14,17,26,28,13
708----01,04,14,15,17,32,02
709----05,09,13,21,28,33,06
710----03,07,13,16,24,29,01
711----04,15,17,22,29,32,03
712----04,11,13,22,25,32,01
713----02,09,10,16,25,28,08
714----08,09,10,19,27,29,15
715----03,04,06,19,21,30,14
716----07,10,14,16,24,33,16
717----07,13,21,22,24,31,02
718----03,11,12,16,22,28,10
719----08,21,22,23,29,32,01
720----05,06,09,17,25,33,16
721----09,11,13,18,19,28,14
722----01,09,11,18,32,33,14
723----10,11,17,20,29,30,15
724----04,09,12,18,20,23,01
725----12,13,15,20,22,25,10
726----04,05,06,09,23,24,09
727----04,06,08,15,16,18,16
728----01,04,08,19,29,33,16
729----02,06,19,26,30,33,15
730----01,11,19,23,25,29,09
731----04,14,18,24,31,32,15
732----06,11,18,20,23,26,05
733----01,05,11,15,16,29,15
734----01,07,24,31,32,33,08
735----01,09,15,16,19,21,15
736----01,06,18,22,24,25,08
737----04,05,09,14,25,27,07
738----12,15,16,21,22,29,01
739----03,09,21,23,30,32,06
740----08,15,17,25,27,30,10
741----04,06,15,26,27,31,12
742----01,03,10,24,28,29,13
743----05,08,22,23,24,29,09
744----01,03,05,18,22,23,01
745----03,06,11,13,26,32,05
746----04,09,11,25,28,33,04
747----05,07,09,11,21,28,01
748----05,06,07,11,14,20,02
749----06,08,10,14,28,29,01
750----02,13,16,19,23,24,04
751----04,12,15,16,19,26,06
752----01,02,07,13,23,24,12
753----05,06,12,14,27,28,08
754----04,06,16,24,26,33,16
755----02,07,08,10,12,31,03
756----05,11,15,23,28,33,03
757----09,11,24,25,28,33,15
758----08,12,17,24,27,28,13
759----01,07,11,14,15,26,11
760----03,11,12,13,25,28,12
761----01,10,13,18,26,32,05
762----09,11,17,18,20,27,15
763----07,09,12,13,14,29,16
764----02,04,12,22,29,31,01
765----05,09,15,24,27,30,09
766----10,13,15,25,29,30,15
767----01,07,17,20,22,28,15
768----10,14,15,22,27,32,09
769----01,04,07,14,30,31,03
770----02,03,17,19,25,30,01
771----11,15,18,24,26,32,09
772----02,03,10,17,20,26,16
773----10,13,15,24,31,32,02
774----17,20,22,23,26,28,06
775----05,06,21,25,28,33,07
776----04,07,10,22,27,30,02
777----04,06,08,14,24,27,02
778----02,10,12,15,24,27,08
779----06,14,17,18,31,33,06
780----03,05,17,21,27,33,04
781----02,06,14,18,20,31,13
782----03,09,10,11,28,29,13
783----01,07,08,12,13,18,05
784----04,05,12,16,22,30,15
785----04,05,12,15,18,28,07
786----06,14,15,19,29,31,05
787----01,03,18,22,29,32,02
788----14,19,20,23,24,31,09
789----19,20,23,27,28,31,01
790----07,15,16,20,27,29,07
791----05,17,20,21,23,33,04
792----04,15,21,27,28,29,10
793----08,09,15,24,26,30,06
794----08,11,18,19,20,24,01
795----01,04,06,14,20,28,08
796----01,03,12,19,27,31,10
797----01,02,16,19,25,31,08
798----03,10,17,19,21,31,04
799----02,06,09,15,19,28,16
800----03,07,10,14,21,24,01
801----11,14,15,16,27,32,09
802----12,14,19,23,24,27,01
803----05,10,16,26,27,33,01
804----01,14,19,23,26,30,10
805----04,07,17,19,20,24,16
806----01,09,11,13,20,29,09
807----02,05,13,15,23,26,07
808----04,07,10,14,16,26,09
809----07,09,21,22,26,32,03
810----05,10,11,13,27,28,09
811----10,12,15,17,19,20,08
812----05,10,15,18,19,32,05
813----09,14,20,21,24,26,04
814----06,13,15,17,20,21,03
815----02,12,21,23,25,31,08
816----02,05,16,17,18,30,06
817----05,19,24,28,30,32,14
818----07,10,12,16,19,31,16
819----03,06,09,15,22,31,02
820----01,20,22,23,25,28,16
821----02,03,07,09,20,21,13
822----04,15,17,19,25,28,16
823----12,18,19,20,21,32,15
824----06,15,23,24,25,33,15
825----04,07,08,29,30,31,01
826----02,03,04,07,10,18,15
827----06,07,13,14,15,27,04
828----06,14,16,27,28,31,07
829----05,10,19,20,29,31,14
830----06,09,24,29,30,32,07
831----07,11,16,17,30,32,16
832----05,06,14,20,21,25,08
833----09,11,14,22,30,32,01
834----03,07,22,24,26,31,14
835----01,07,11,15,17,19,06
836----07,12,17,19,24,25,02
837----07,09,10,14,19,24,15
838----06,19,24,25,28,32,04
839----03,04,10,15,22,24,02
840----14,15,18,19,26,32,09
841----05,11,20,22,23,29,09
842----03,08,10,13,26,32,08
843----12,23,24,26,27,30,05
844----01,10,11,22,26,32,07
845----04,10,11,14,23,32,07
846----05,12,19,22,25,26,05
847----14,17,26,31,32,33,10
848----08,12,13,19,23,25,15
849----02,03,14,16,26,31,02
850----01,10,13,20,22,32,14
851----09,12,13,16,24,32,04
852----02,06,07,10,15,20,05
853----03,12,14,16,31,33,12
854----05,07,21,22,24,29,14
855----05,10,11,21,22,30,13
856----02,17,20,23,25,27,08
857----01,07,08,21,23,29,06
858----03,12,17,18,19,28,04
859----02,11,24,25,27,30,14
860----03,07,08,14,27,30,09
861----05,07,17,20,26,31,14
862----02,04,07,18,25,26,10
863----03,05,08,14,27,33,08
864----02,05,11,17,21,33,01
865----07,24,27,29,31,32,15
866----10,14,18,23,27,33,15
867----08,12,21,27,28,33,11
868----02,04,09,26,28,33,03
869----01,06,11,14,17,26,15
870----12,15,20,26,30,33,16
871----06,13,14,23,31,33,01
872----06,09,18,19,29,33,06
873----16,18,19,24,28,32,01
874----01,03,16,18,29,33,06
875----16,18,20,21,23,33,05
876----06,08,09,17,22,31,11
877----04,06,12,13,17,31,16
878----09,14,18,23,28,31,02
879----06,11,14,20,27,30,09
880----01,05,13,21,26,29,15
881----07,12,15,24,26,29,06
882----06,07,13,19,26,29,08
883----04,06,09,27,28,33,02
884----04,07,15,18,29,33,01
885----05,14,15,16,18,32,12
886----06,10,14,15,26,29,12
887----05,07,15,19,29,33,15
888----01,02,04,25,26,30,10
889----08,09,10,13,24,29,02
890----03,17,18,19,20,27,16
891----01,04,05,15,17,31,09
892----01,09,15,17,22,23,16
893----05,12,15,17,18,27,04
894----04,08,11,21,27,30,01
895----04,10,11,23,30,32,14
896----08,12,13,14,19,20,05
897----03,18,23,24,25,32,09
898----07,09,14,31,32,33,13
899----01,04,08,21,23,24,11
900----05,06,09,13,23,25,08
901----03,09,15,17,20,22,06
902----02,07,15,29,31,33,15
903----01,04,25,27,29,30,07
904----08,18,20,22,24,28,10
905----07,10,16,20,21,27,11
906----21,22,24,28,29,32,14
907----06,11,13,16,19,31,02
908----04,13,14,18,20,28,08
909----03,16,17,19,25,33,07
910----04,05,10,13,30,31,14
911----02,03,04,06,21,33,05
912----01,11,23,24,26,32,15
913----02,06,07,15,20,21,15
914----04,16,18,19,27,28,04
915----09,10,12,18,29,32,14
916----06,09,12,14,20,28,10
917----01,08,19,25,26,31,01
918----06,12,13,15,21,23,15
919----17,20,22,23,24,31,01
920----03,09,11,15,19,28,16
921----01,07,13,17,18,31,15
922----04,11,13,19,22,33,11
923----09,13,15,18,20,28,15
924----02,10,11,13,28,31,01
925----03,05,08,17,25,31,01
926----13,14,20,24,27,29,02
927----01,05,15,19,26,29,13
928----06,07,18,20,27,29,09
929----08,14,26,27,30,33,01
930----04,13,17,18,28,29,06
931----02,06,07,11,14,33,08
932----02,05,15,18,26,27,04
933----02,15,19,26,27,29,02
934----12,17,22,27,30,31,02
935----06,08,17,19,24,28,05
936----10,13,16,20,21,25,05
937----05,10,13,18,24,26,01
938----02,03,07,12,20,31,16
939----01,13,15,17,26,33,13
940----03,04,09,10,29,33,13
941----03,12,18,24,27,29,01
942----10,12,14,22,24,27,07
943----02,08,15,17,26,28,12
944----03,05,10,13,19,29,06
945----01,03,18,26,32,33,04
946----05,08,16,17,21,25,12
947----01,05,14,17,24,31,14
948----09,11,13,24,28,32,06
949----08,10,14,15,18,22,08
950----08,21,23,27,28,33,01
951----02,14,19,21,25,28,11
952----06,07,09,16,17,19,14
953----08,09,18,19,20,27,15
954----05,12,13,17,20,27,14
955----01,03,13,16,21,27,03
956----07,08,13,29,30,33,03
957----07,20,22,23,31,32,05
958----03,21,25,30,31,33,11
959----06,07,13,18,26,31,06
960----02,03,07,13,20,30,10
961----02,15,16,17,21,31,14
962----02,22,26,29,32,33,14
963----01,07,11,12,22,28,05
964----09,16,18,22,28,32,02
965----02,06,10,16,18,22,13
966----05,08,18,25,30,32,06
967----01,07,15,16,20,25,16
968----02,06,08,13,14,19,16
969----02,10,12,14,24,26,05
970----05,06,09,22,25,31,03
971----05,13,18,20,26,28,06
972----03,04,19,23,30,32,06
973----04,05,13,18,27,29,12
974----06,07,16,17,21,22,04
975----03,04,07,22,26,30,06
976----06,10,14,22,23,33,13
977----06,07,18,23,27,30,05
978----02,03,14,21,29,32,08
979----14,16,19,23,28,30,03
980----05,11,18,20,26,28,12
981----10,12,17,19,25,31,13
982----06,12,26,28,29,32,15
983----01,12,17,18,26,27,05
984----02,05,06,19,21,27,04
985----10,11,18,19,23,31,03
986----05,08,10,15,24,25,09
987----03,06,09,17,27,28,03
988----04,16,20,21,31,32,14
989----01,18,26,30,31,33,03
990----08,10,22,27,32,33,08
991----05,07,10,17,20,22,14
992----03,07,12,24,28,33,08
993----02,03,07,16,30,31,06
994----07,14,27,29,31,33,05
995----06,19,20,26,28,33,01
996----08,09,13,23,24,26,05
997----02,03,09,11,12,17,15
998----01,04,09,10,20,33,06
999----13,14,18,19,24,30,09
1000----08,23,25,26,29,31,12
